24.34408402442932
