
ASes= { 1, 2, 3, 4, 5, 6, 7, 8, 9, 10, 11 } ;


Objects= { 1, 2, 3, 4, 5, 6, 7, 8, 9, 10, 11, 12, 13, 14, 15, 16, 17, 18, 19, 20, 21, 22, 23, 24, 25, 26, 27, 28, 29, 30, 31, 32, 33, 34, 35, 36, 37, 38, 39, 40, 41, 42, 43, 44, 45, 46, 47, 48, 49, 50 } ;


QualityLevels= { 0, 1, 2, 3, 4, 5 } ;

Arcs = {<2,1,490000>, <1,2,490000>, <11,1,490000>, <1,11,490000>, <11,2,490000>, <2,11,490000>, <11,10,490000>, <10,11,490000>, <3,2,490000>, <2,3,490000>, <4,3,490000>, <3,4,490000>, <5,4,490000>, <4,5,490000>, <6,5,490000>, <5,6,490000>, <7,6,490000>, <6,7,490000>, <8,4,490000>, <4,8,490000>, <8,7,490000>, <7,8,490000>, <9,3,490000>, <3,9,490000>, <9,8,490000>, <8,9,490000>, <10,9,490000>, <9,10,490000>};


RatePerQuality= [ 0  300  700  1500  2500  3500 ] ;


CacheSpacePerQuality= [ 10000  11.25  26.25  56.25  93.75  131.25 ] ;


UtilityPerQuality= [ 0  0.66874  0.795271  0.880112  0.945742  1 ] ;


ObjectsPublishedByProducers=[ [ 0  0  0  0  0  0  0  1  0  0  0 ]  [ 0  0  0  0  0  0  0  1  0  0  0 ]  [ 0  0  0  0  0  0  0  1  0  0  0 ]  [ 0  0  0  0  0  0  0  1  0  0  0 ]  [ 0  0  0  0  0  0  0  1  0  0  0 ]  [ 0  0  0  0  0  0  0  1  0  0  0 ]  [ 0  0  0  0  0  0  0  1  0  0  0 ]  [ 0  0  0  0  0  0  0  1  0  0  0 ]  [ 0  0  0  0  0  0  0  1  0  0  0 ]  [ 0  0  0  0  0  0  0  1  0  0  0 ]  [ 0  0  0  0  0  0  0  1  0  0  0 ]  [ 0  0  0  0  0  0  0  1  0  0  0 ]  [ 0  0  0  0  0  0  0  1  0  0  0 ]  [ 0  0  0  0  0  0  0  1  0  0  0 ]  [ 0  0  0  0  0  0  0  1  0  0  0 ]  [ 0  0  0  0  0  0  0  1  0  0  0 ]  [ 0  0  0  0  0  0  0  1  0  0  0 ]  [ 0  0  0  0  0  0  0  1  0  0  0 ]  [ 0  0  0  0  0  0  0  1  0  0  0 ]  [ 0  0  0  0  0  0  0  1  0  0  0 ]  [ 0  0  0  0  0  0  0  1  0  0  0 ]  [ 0  0  0  0  0  0  0  1  0  0  0 ]  [ 0  0  0  0  0  0  0  1  0  0  0 ]  [ 0  0  0  0  0  0  0  1  0  0  0 ]  [ 0  0  0  0  0  0  0  1  0  0  0 ]  [ 0  0  0  0  0  0  0  1  0  0  0 ]  [ 0  0  0  0  0  0  0  1  0  0  0 ]  [ 0  0  0  0  0  0  0  1  0  0  0 ]  [ 0  0  0  0  0  0  0  1  0  0  0 ]  [ 0  0  0  0  0  0  0  1  0  0  0 ]  [ 0  0  0  0  0  0  0  1  0  0  0 ]  [ 0  0  0  0  0  0  0  1  0  0  0 ]  [ 0  0  0  0  0  0  0  1  0  0  0 ]  [ 0  0  0  0  0  0  0  1  0  0  0 ]  [ 0  0  0  0  0  0  0  1  0  0  0 ]  [ 0  0  0  0  0  0  0  1  0  0  0 ]  [ 0  0  0  0  0  0  0  1  0  0  0 ]  [ 0  0  0  0  0  0  0  1  0  0  0 ]  [ 0  0  0  0  0  0  0  1  0  0  0 ]  [ 0  0  0  0  0  0  0  1  0  0  0 ]  [ 0  0  0  0  0  0  0  1  0  0  0 ]  [ 0  0  0  0  0  0  0  1  0  0  0 ]  [ 0  0  0  0  0  0  0  1  0  0  0 ]  [ 0  0  0  0  0  0  0  1  0  0  0 ]  [ 0  0  0  0  0  0  0  1  0  0  0 ]  [ 0  0  0  0  0  0  0  1  0  0  0 ]  [ 0  0  0  0  0  0  0  1  0  0  0 ]  [ 0  0  0  0  0  0  0  1  0  0  0 ]  [ 0  0  0  0  0  0  0  1  0  0  0 ]  [ 0  0  0  0  0  0  0  1  0  0  0 ] ];

ObjRequests = {  <1,1,337>, <2,1,184>, <3,1,123>, <4,1,88>, <5,1,65>, <6,1,74>, <7,1,61>, <8,1,42>, <9,1,37>, <10,1,41>, <11,1,31>, <12,1,32>, <13,1,29>, <14,1,27>, <15,1,20>, <16,1,24>, <17,1,14>, <18,1,16>, <19,1,23>, <20,1,20>, <21,1,18>, <22,1,21>, <23,1,12>, <24,1,19>, <25,1,22>, <26,1,16>, <27,1,12>, <28,1,11>, <29,1,12>, <30,1,14>, <31,1,12>, <32,1,12>, <33,1,14>, <34,1,16>, <35,1,7>, <36,1,12>, <37,1,5>, <38,1,10>, <39,1,4>, <40,1,5>, <41,1,9>, <42,1,9>, <43,1,9>, <44,1,14>, <45,1,11>, <46,1,7>, <47,1,11>, <48,1,9>, <49,1,6>, <50,1,6> };

MaxCacheStorageAtSingleAS= [ 656.25  656.25  656.25  656.25  656.25  656.25  656.25  656.25  656.25  656.25  656.25 ] ;

MaxCacheStorage = 7218.75 ;
SolutionGap = 0.01 ;
