total_utility
2157
