
ASes= { 1, 2, 3, 4, 5, 6, 7, 8, 9, 10 } ;


Objects= { 1, 2, 3, 4, 5, 6, 7, 8, 9, 10, 11 } ;


QualityLevels= { 0, 1, 2, 3, 4, 5 } ;

Arcs = { <1,2,490000>, <2,1,490000>,<2,3,490000>, <3,2,490000>,<1,4,490000>, <4,1,490000>,<3,5,490000>, <5,3,490000>,<5,6,490000>, <6,5,490000>,<3,7,490000>, <7,3,490000>,<7,8,490000>, <8,7,490000>,<5,9,490000>, <9,5,490000>,<3,10,490000>, <10,3,490000> }; 


RatePerQuality= [ 0  300  700  1500  2500  3500 ] ;


CacheSpacePerQuality= [ 10000  11.25  26.25  56.25  93.75  131.25 ] ;


UtilityPerQuality= [ 0  0.66874  0.795271  0.880112  0.945742  1 ] ;


ObjectsPublishedByProducers=[ [ 0  0  0  0  0  0  0  0  0  0 ]  [ 0  0  0  0  0  0  0  0  0  0 ]  [ 0  0  0  0  0  0  0  0  0  0 ]  [ 0  0  0  0  0  0  0  0  0  0 ]  [ 0  0  0  0  0  0  0  0  0  0 ]  [ 0  0  0  0  0  0  0  0  0  0 ]  [ 0  0  0  0  0  0  0  0  0  0 ]  [ 0  0  0  0  0  0  0  0  0  0 ]  [ 0  0  0  0  0  0  0  0  0  0 ]  [ 0  0  0  0  0  0  0  0  0  0 ]  [ 0  0  0  0  0  0  0  0  0  0 ] ];

ObjRequests = {  <1,4,379>, <2,4,255>, <3,4,356>, <4,4,1260>, <5,4,18>, <6,4,66>, <7,4,103>, <8,4,243>, <9,4,213>, <10,4,20>, <11,4,31>, <1,6,185>, <2,6,193>, <3,6,889>, <4,6,74>, <5,6,350>, <6,6,36>, <7,6,63>, <8,6,265>, <9,6,11>, <10,6,141>, <11,6,91>, <1,8,2652>, <2,8,1038>, <3,8,85>, <4,8,58>, <5,8,159>, <6,8,16>, <7,8,343>, <8,8,44>, <9,8,237>, <10,8,264>, <11,8,116>, <1,9,204>, <2,9,422>, <3,9,226>, <4,9,53>, <5,9,206>, <6,9,597>, <7,9,9>, <8,9,53>, <9,9,143>, <10,9,109>, <11,9,5>, <1,10,177>, <2,10,555>, <3,10,631>, <4,10,372>, <5,10,452>, <6,10,35>, <7,10,547>, <8,10,29>, <9,10,17>, <10,10,93>, <11,10,102>, <1,1,3017>, <2,1,652>, <3,1,415>, <4,1,86>, <5,1,46>, <6,1,64>, <7,1,304>, <8,1,141>, <9,1,1>, <10,1,67>, <11,1,27>, <1,2,732>, <2,2,615>, <3,2,113>, <4,2,302>, <5,2,178>, <6,2,486>, <7,2,72>, <8,2,197>, <9,2,31>, <10,2,13>, <11,2,115>, <1,7,2499>, <2,7,356>, <3,7,294>, <4,7,322>, <5,7,10>, <6,7,112>, <7,7,32>, <8,7,207>, <9,7,141>, <10,7,26>, <11,7,228>, <1,5,571>, <2,5,1191>, <3,5,239>, <4,5,42>, <5,5,240>, <6,5,304>, <7,5,34>, <8,5,87>, <9,5,255>, <10,5,230>, <11,5,140>, <1,3,440>, <2,3,145>, <3,3,354>, <4,3,158>, <5,3,452>, <6,3,115>, <7,3,16>, <8,3,71>, <9,3,163>, <10,3,118>, <11,3,109> };

MaxCacheStorageAtSingleAS= [ 14.4375  14.4375  14.4375  14.4375  14.4375  14.4375  14.4375  14.4375  14.4375  14.4375 ] ;

MaxCacheStorage = 144.375 ;
SolutionGap = 0.01 ;
