
ASes= { 1, 2, 3 } ;


Objects= { 1, 2, 3, 4, 5, 6, 7, 8, 9, 10, 11, 12, 13, 14, 15, 16, 17, 18, 19, 20, 21, 22, 23, 24, 25, 26, 27, 28, 29, 30, 31, 32, 33, 34, 35, 36, 37, 38, 39, 40, 41, 42, 43, 44, 45, 46, 47, 48, 49, 50, 51, 52, 53, 54, 55, 56, 57, 58, 59, 60, 61, 62, 63, 64, 65, 66, 67, 68, 69, 70, 71, 72, 73, 74, 75, 76, 77, 78, 79, 80, 81, 82, 83, 84, 85, 86, 87, 88, 89, 90, 91, 92, 93, 94, 95, 96, 97, 98, 99, 100 } ;


QualityLevels= { 0, 1, 2, 3, 4, 5 } ;

Arcs = {<2,1,490000>, <1,2,490000>, <3,2,490000>, <2,3,490000>};


RatePerQuality= [ 0  300  700  1500  2500  3500 ] ;


CacheSpacePerQuality= [ 10000  11.25  26.25  56.25  93.75  131.25 ] ;


UtilityPerQuality= [ 0  0.66874  0.795271  0.880112  0.945742  1 ] ;


ObjectsPublishedByProducers=[ [ 1  0  0 ]  [ 1  0  0 ]  [ 1  0  0 ]  [ 1  0  0 ]  [ 1  0  0 ]  [ 1  0  0 ]  [ 1  0  0 ]  [ 1  0  0 ]  [ 1  0  0 ]  [ 1  0  0 ]  [ 1  0  0 ]  [ 1  0  0 ]  [ 1  0  0 ]  [ 1  0  0 ]  [ 1  0  0 ]  [ 1  0  0 ]  [ 1  0  0 ]  [ 1  0  0 ]  [ 1  0  0 ]  [ 1  0  0 ]  [ 1  0  0 ]  [ 1  0  0 ]  [ 1  0  0 ]  [ 1  0  0 ]  [ 1  0  0 ]  [ 1  0  0 ]  [ 1  0  0 ]  [ 1  0  0 ]  [ 1  0  0 ]  [ 1  0  0 ]  [ 1  0  0 ]  [ 1  0  0 ]  [ 1  0  0 ]  [ 1  0  0 ]  [ 1  0  0 ]  [ 1  0  0 ]  [ 1  0  0 ]  [ 1  0  0 ]  [ 1  0  0 ]  [ 1  0  0 ]  [ 1  0  0 ]  [ 1  0  0 ]  [ 1  0  0 ]  [ 1  0  0 ]  [ 1  0  0 ]  [ 1  0  0 ]  [ 1  0  0 ]  [ 1  0  0 ]  [ 1  0  0 ]  [ 1  0  0 ]  [ 1  0  0 ]  [ 1  0  0 ]  [ 1  0  0 ]  [ 1  0  0 ]  [ 1  0  0 ]  [ 1  0  0 ]  [ 1  0  0 ]  [ 1  0  0 ]  [ 1  0  0 ]  [ 1  0  0 ]  [ 1  0  0 ]  [ 1  0  0 ]  [ 1  0  0 ]  [ 1  0  0 ]  [ 1  0  0 ]  [ 1  0  0 ]  [ 1  0  0 ]  [ 1  0  0 ]  [ 1  0  0 ]  [ 1  0  0 ]  [ 1  0  0 ]  [ 1  0  0 ]  [ 1  0  0 ]  [ 1  0  0 ]  [ 1  0  0 ]  [ 1  0  0 ]  [ 1  0  0 ]  [ 1  0  0 ]  [ 1  0  0 ]  [ 1  0  0 ]  [ 1  0  0 ]  [ 1  0  0 ]  [ 1  0  0 ]  [ 1  0  0 ]  [ 1  0  0 ]  [ 1  0  0 ]  [ 1  0  0 ]  [ 1  0  0 ]  [ 1  0  0 ]  [ 1  0  0 ]  [ 1  0  0 ]  [ 1  0  0 ]  [ 1  0  0 ]  [ 1  0  0 ]  [ 1  0  0 ]  [ 1  0  0 ]  [ 1  0  0 ]  [ 1  0  0 ]  [ 1  0  0 ]  [ 1  0  0 ] ];

ObjRequests = {  <1,3,303>, <2,3,161>, <3,3,99>, <4,3,71>, <5,3,73>, <6,3,54>, <7,3,46>, <8,3,41>, <9,3,40>, <10,3,18>, <11,3,28>, <12,3,32>, <13,3,22>, <14,3,25>, <15,3,20>, <16,3,25>, <17,3,25>, <18,3,21>, <19,3,21>, <20,3,10>, <21,3,11>, <22,3,17>, <23,3,11>, <24,3,14>, <25,3,9>, <26,3,9>, <27,3,8>, <28,3,17>, <29,3,8>, <30,3,12>, <31,3,8>, <32,3,5>, <33,3,15>, <34,3,6>, <35,3,11>, <36,3,6>, <37,3,11>, <38,3,11>, <39,3,9>, <40,3,12>, <41,3,5>, <42,3,12>, <43,3,9>, <44,3,7>, <45,3,7>, <46,3,7>, <47,3,4>, <48,3,2>, <49,3,6>, <50,3,4>, <51,3,4>, <52,3,4>, <53,3,6>, <54,3,7>, <55,3,6>, <56,3,5>, <57,3,5>, <58,3,8>, <59,3,9>, <60,3,4>, <61,3,6>, <62,3,5>, <63,3,5>, <64,3,4>, <65,3,7>, <66,3,9>, <67,3,5>, <68,3,6>, <69,3,2>, <70,3,3>, <71,3,4>, <72,3,5>, <73,3,2>, <74,3,4>, <75,3,4>, <76,3,1>, <77,3,6>, <78,3,5>, <79,3,3>, <80,3,7>, <81,3,7>, <82,3,8>, <83,3,4>, <84,3,3>, <85,3,6>, <86,3,4>, <87,3,3>, <88,3,3>, <89,3,4>, <90,3,2>, <91,3,3>, <92,3,6>, <93,3,2>, <94,3,3>, <95,3,3>, <97,3,1>, <98,3,5>, <99,3,4>, <100,3,3> };

MaxCacheStorageAtSingleAS= [ 0  131.25  0 ] ;

MaxCacheStorage = 131.25 ;
SolutionGap = 0.0001 ;
