
ASes= { 1, 2, 3 } ;


Objects= { 1, 2, 3, 4, 5, 6, 7, 8, 9, 10, 11, 12, 13, 14, 15, 16, 17, 18, 19, 20, 21, 22, 23, 24, 25, 26, 27, 28, 29, 30, 31, 32, 33, 34, 35, 36, 37, 38, 39, 40, 41, 42, 43, 44, 45, 46, 47, 48, 49, 50, 51, 52, 53, 54, 55, 56, 57, 58, 59, 60, 61, 62, 63, 64, 65, 66, 67, 68, 69, 70, 71, 72, 73, 74, 75, 76, 77, 78, 79, 80, 81, 82, 83, 84, 85, 86, 87, 88, 89, 90, 91, 92, 93, 94, 95, 96, 97, 98, 99, 100 } ;


QualityLevels= { 0, 1, 2, 3, 4, 5 } ;

Arcs = {<2,1,490000>, <1,2,490000>, <3,2,490000>, <2,3,490000>};


RatePerQuality= [ 0  300  700  1500  2500  3500 ] ;


CacheSpacePerQuality= [ 10000  11.25  26.25  56.25  93.75  131.25 ] ;


UtilityPerQuality= [ 0  0.66874  0.795271  0.880112  0.945742  1 ] ;


ObjectsPublishedByProducers=[ [ 1  0  0 ]  [ 1  0  0 ]  [ 1  0  0 ]  [ 1  0  0 ]  [ 1  0  0 ]  [ 1  0  0 ]  [ 1  0  0 ]  [ 1  0  0 ]  [ 1  0  0 ]  [ 1  0  0 ]  [ 1  0  0 ]  [ 1  0  0 ]  [ 1  0  0 ]  [ 1  0  0 ]  [ 1  0  0 ]  [ 1  0  0 ]  [ 1  0  0 ]  [ 1  0  0 ]  [ 1  0  0 ]  [ 1  0  0 ]  [ 1  0  0 ]  [ 1  0  0 ]  [ 1  0  0 ]  [ 1  0  0 ]  [ 1  0  0 ]  [ 1  0  0 ]  [ 1  0  0 ]  [ 1  0  0 ]  [ 1  0  0 ]  [ 1  0  0 ]  [ 1  0  0 ]  [ 1  0  0 ]  [ 1  0  0 ]  [ 1  0  0 ]  [ 1  0  0 ]  [ 1  0  0 ]  [ 1  0  0 ]  [ 1  0  0 ]  [ 1  0  0 ]  [ 1  0  0 ]  [ 1  0  0 ]  [ 1  0  0 ]  [ 1  0  0 ]  [ 1  0  0 ]  [ 1  0  0 ]  [ 1  0  0 ]  [ 1  0  0 ]  [ 1  0  0 ]  [ 1  0  0 ]  [ 1  0  0 ]  [ 1  0  0 ]  [ 1  0  0 ]  [ 1  0  0 ]  [ 1  0  0 ]  [ 1  0  0 ]  [ 1  0  0 ]  [ 1  0  0 ]  [ 1  0  0 ]  [ 1  0  0 ]  [ 1  0  0 ]  [ 1  0  0 ]  [ 1  0  0 ]  [ 1  0  0 ]  [ 1  0  0 ]  [ 1  0  0 ]  [ 1  0  0 ]  [ 1  0  0 ]  [ 1  0  0 ]  [ 1  0  0 ]  [ 1  0  0 ]  [ 1  0  0 ]  [ 1  0  0 ]  [ 1  0  0 ]  [ 1  0  0 ]  [ 1  0  0 ]  [ 1  0  0 ]  [ 1  0  0 ]  [ 1  0  0 ]  [ 1  0  0 ]  [ 1  0  0 ]  [ 1  0  0 ]  [ 1  0  0 ]  [ 1  0  0 ]  [ 1  0  0 ]  [ 1  0  0 ]  [ 1  0  0 ]  [ 1  0  0 ]  [ 1  0  0 ]  [ 1  0  0 ]  [ 1  0  0 ]  [ 1  0  0 ]  [ 1  0  0 ]  [ 1  0  0 ]  [ 1  0  0 ]  [ 1  0  0 ]  [ 1  0  0 ]  [ 1  0  0 ]  [ 1  0  0 ]  [ 1  0  0 ]  [ 1  0  0 ] ];

ObjRequests = {  <1,3,291>, <2,3,157>, <3,3,108>, <4,3,80>, <5,3,61>, <6,3,46>, <7,3,38>, <8,3,47>, <9,3,47>, <10,3,36>, <11,3,26>, <12,3,29>, <13,3,26>, <14,3,17>, <15,3,22>, <16,3,23>, <17,3,18>, <18,3,15>, <19,3,18>, <20,3,18>, <21,3,11>, <22,3,19>, <23,3,15>, <24,3,12>, <25,3,7>, <26,3,8>, <27,3,19>, <28,3,5>, <29,3,9>, <30,3,9>, <31,3,8>, <32,3,8>, <33,3,15>, <34,3,6>, <35,3,14>, <36,3,9>, <37,3,8>, <38,3,9>, <39,3,12>, <40,3,6>, <41,3,7>, <42,3,9>, <43,3,9>, <44,3,11>, <45,3,10>, <46,3,9>, <47,3,6>, <48,3,9>, <49,3,6>, <50,3,4>, <51,3,5>, <52,3,5>, <53,3,3>, <54,3,7>, <55,3,8>, <56,3,8>, <57,3,5>, <58,3,5>, <59,3,7>, <60,3,4>, <61,3,3>, <62,3,11>, <63,3,8>, <64,3,8>, <65,3,1>, <66,3,5>, <67,3,3>, <68,3,8>, <69,3,2>, <71,3,5>, <72,3,7>, <73,3,3>, <74,3,1>, <75,3,2>, <76,3,4>, <77,3,2>, <78,3,4>, <79,3,3>, <80,3,5>, <81,3,3>, <82,3,3>, <83,3,7>, <84,3,2>, <85,3,3>, <86,3,9>, <87,3,5>, <88,3,4>, <89,3,4>, <90,3,3>, <91,3,4>, <92,3,6>, <93,3,4>, <94,3,6>, <95,3,3>, <96,3,2>, <97,3,3>, <98,3,5>, <99,3,1>, <100,3,2> };

MaxCacheStorageAtSingleAS= [ 0  131.25  0 ] ;

MaxCacheStorage = 131.25 ;
SolutionGap = 0.0001 ;
