utility
1.605
