2.311125993728638
