
ASes= { 1, 2, 3, 4, 5, 6, 7, 8, 9, 10 } ;


Objects= { 1, 2, 3, 4, 5, 6, 7, 8, 9, 10, 11 } ;


QualityLevels= { 0, 1, 2, 3, 4, 5 } ;

Arcs = { <1,2,490000>, <2,1,490000>,<2,3,490000>, <3,2,490000>,<1,4,490000>, <4,1,490000>,<3,5,490000>, <5,3,490000>,<5,6,490000>, <6,5,490000>,<3,7,490000>, <7,3,490000>,<7,8,490000>, <8,7,490000>,<5,9,490000>, <9,5,490000>,<3,10,490000>, <10,3,490000> }; 


RatePerQuality= [ 0  300  700  1500  2500  3500 ] ;


CacheSpacePerQuality= [ 10000  11.25  26.25  56.25  93.75  131.25 ] ;


UtilityPerQuality= [ 0  0.66874  0.795271  0.880112  0.945742  1 ] ;


ObjectsPublishedByProducers=[ [ 0  0  0  0  0  0  0  0  0  0 ]  [ 0  0  0  0  0  0  0  0  0  0 ]  [ 0  0  0  0  0  0  0  0  0  0 ]  [ 0  0  0  0  0  0  0  0  0  0 ]  [ 0  0  0  0  0  0  0  0  0  0 ]  [ 0  0  0  0  0  0  0  0  0  0 ]  [ 0  0  0  0  0  0  0  0  0  0 ]  [ 0  0  0  0  0  0  0  0  0  0 ]  [ 0  0  0  0  0  0  0  0  0  0 ]  [ 0  0  0  0  0  0  0  0  0  0 ]  [ 0  0  0  0  0  0  0  0  0  0 ] ];

ObjRequests = {  <1,4,934>, <2,4,299>, <3,4,33>, <4,4,1093>, <5,4,73>, <6,4,205>, <7,4,251>, <8,4,194>, <9,4,211>, <10,4,40>, <11,4,19>, <1,6,490>, <2,6,1149>, <3,6,1045>, <4,6,39>, <5,6,160>, <6,6,58>, <7,6,5>, <8,6,61>, <9,6,130>, <10,6,27>, <11,6,147>, <1,8,2189>, <2,8,729>, <3,8,455>, <4,8,23>, <5,8,318>, <6,8,131>, <7,8,61>, <8,8,109>, <9,8,230>, <10,8,45>, <11,8,112>, <1,9,312>, <2,9,599>, <3,9,386>, <4,9,196>, <5,9,440>, <6,9,40>, <7,9,17>, <8,9,10>, <9,9,56>, <10,9,52>, <11,9,65>, <1,10,1523>, <2,10,324>, <3,10,332>, <4,10,231>, <5,10,31>, <6,10,168>, <7,10,353>, <8,10,59>, <9,10,136>, <10,10,260>, <11,10,40>, <1,1,1081>, <2,1,342>, <3,1,69>, <4,1,496>, <5,1,109>, <6,1,309>, <7,1,16>, <8,1,378>, <9,1,42>, <10,1,108>, <11,1,109>, <1,2,316>, <2,2,99>, <3,2,89>, <4,2,175>, <5,2,111>, <6,2,57>, <7,2,81>, <8,2,114>, <9,2,144>, <10,2,165>, <11,2,12>, <1,7,383>, <2,7,287>, <3,7,417>, <4,7,90>, <5,7,194>, <6,7,37>, <7,7,173>, <8,7,58>, <9,7,39>, <10,7,14>, <11,7,82>, <1,5,305>, <2,5,343>, <3,5,10>, <4,5,16>, <5,5,236>, <6,5,263>, <7,5,292>, <8,5,47>, <9,5,16>, <10,5,54>, <11,5,129>, <1,3,1991>, <2,3,576>, <3,3,270>, <4,3,16>, <5,3,172>, <6,3,317>, <7,3,93>, <8,3,150>, <9,3,64>, <10,3,200>, <11,3,133> };

MaxCacheStorageAtSingleAS= [ 14.4375  14.4375  14.4375  14.4375  14.4375  14.4375  14.4375  14.4375  14.4375  14.4375 ] ;

MaxCacheStorage = 144.375 ;
SolutionGap = 0.01 ;
