# Created by Octave 3.6.4, Mon Mar 17 17:05:40 2014 CET <araldo_local@Loganberry-WS>
# name: replication
# type: matrix
# rows: 3
# columns: 3
 0.487 0 0
 0.39 0 0
 0.123 0 0


# name: replication
# type: matrix
# rows: 3
# columns: 3
 0.487 0 0
 0.39 0 0
 0.123 0 0


# name: replication
# type: matrix
# rows: 3
# columns: 3
 0.487 0 0
 0.39 0 0
 0.123 0 0


# name: replication
# type: matrix
# rows: 3
# columns: 3
 0.487 0 0
 0.39 0 0
 0.123 0 0


# name: replication
# type: matrix
# rows: 3
# columns: 3
 0.487 0 0
 0.39 0 0
 0.123 0 0


# name: replication
# type: matrix
# rows: 3
# columns: 3
 0.487 0 0
 0.39 0 0
 0.123 0 0


# name: replication
# type: matrix
# rows: 3
# columns: 3
 0.487 0 0
 0.39 0 0
 0.123 0 0


# name: replication
# type: matrix
# rows: 3
# columns: 3
 0.487 0 0
 0.39 0 0
 0.123 0 0


# name: replication
# type: matrix
# rows: 3
# columns: 3
 0.487 0 0
 0.39 0 0
 0.123 0 0


# name: replication
# type: matrix
# rows: 3
# columns: 3
 0.487 0 0
 0.39 0 0
 0.123 0 0


# name: replication
# type: matrix
# rows: 3
# columns: 3
 0.487 0 0
 0.39 0 0
 0.123 0 0


# name: replication
# type: matrix
# rows: 3
# columns: 3
 0.487 0 0
 0.39 0 0
 0.123 0 0


# name: replication
# type: matrix
# rows: 3
# columns: 3
 0.487 0 0
 0.39 0 0
 0.123 0 0


# name: replication
# type: matrix
# rows: 3
# columns: 3
 0.487 0 0
 0.39 0 0
 0.123 0 0


# name: replication
# type: matrix
# rows: 3
# columns: 3
 0.487 0 0
 0.39 0 0
 0.123 0 0


# name: replication
# type: matrix
# rows: 3
# columns: 3
 0.487 0 0
 0.39 0 0
 0.123 0 0


# name: replication
# type: matrix
# rows: 3
# columns: 3
 0.487 0 0
 0.39 0 0
 0.123 0 0


# name: replication
# type: matrix
# rows: 3
# columns: 3
 0.487 0 0
 0.39 0 0
 0.123 0 0


# name: replication
# type: matrix
# rows: 3
# columns: 3
 0.487 0 0
 0.39 0 0
 0.123 0 0


# name: replication
# type: matrix
# rows: 3
# columns: 3
 0.487 0 0
 0.39 0 0
 0.123 0 0


