# Created by Octave 3.8.1, Tue Oct 27 12:13:04 2015 CET <andrea@andrea-kth>
# name: K
# type: scalar
1000


# name: Ks
# type: scalar
1000


# name: active_processes
# type: scalar
1


# name: ans
# type: scalar
0


# name: catalog
# type: scalar
1000


# name: catalogs
# type: matrix
# rows: 1
# columns: 3
 100000 10000 1000


# name: command
# type: string
# elements: 1
# length: 247
octave --quiet --eval "dspsa([], [], 'data/rawdata/prova/ctlg_10000-eps_0.5-req_per_epoch_1e+07-K_1000-dspsa_orig-totreq_1e+09-seed_1.in') " > data/rawdata/prova/ctlg_10000-eps_0.5-req_per_epoch_1e+07-K_1000-dspsa_orig-totreq_1e+09-seed_1.log 2>&1


# name: epsilon
# type: scalar
0.5


# name: epsilons
# type: scalar
0.5


# name: exit_code
# type: scalar
0


# name: function_name
# type: string
# elements: 1
# length: 5
dspsa


# name: i
# type: scalar
1


# name: in
# type: scalar struct
# ndims: 2
 1 1
# length: 6
# name: alpha
# type: matrix
# rows: 2
# columns: 1
 0.5
 1.5


# name: N
# type: scalar
2


# name: catalog
# type: matrix
# rows: 2
# columns: 1
 1000
 1000


# name: R
# type: matrix
# rows: 2
# columns: 1
 5000000
 5000000


# name: K
# type: scalar
1000


# name: lambda
# type: matrix
# rows: 2
# columns: 1000
 80904.82825277108 57208.35268826741 46710.42437047783 40452.41412638554 36181.73913622833 33029.25782446624 30579.15077446066 28604.17634413371 26968.27608425703 25584.35309834975 24393.72354932605 23355.21218523891 22438.96205369029 21622.724875547 20889.53683005025 20226.20706319277 19622.303088743 19069.45089608914 18560.84054728123 18090.86956811417 17654.88093122502 17248.96734011842 16869.82285751483 16514.62891223312 16180.96565055422 15866.74223095202 15570.14145682594 15289.57538723033 15023.64944255463 14771.13314837467 14530.9361137633 14302.08817206685 14083.72285774071 13875.06357654792 13675.41196518187 13484.13804212851 13300.67183286943 13124.49621550479 12955.14078203389 12792.17654917488 12635.21138318684 12483.88602751028 12337.87064155251 12196.86177466302 12060.57971207611 11928.76613996456 11801.18208522907 11677.60609261946 11557.83260753872 11441.67053765348 11328.9419704062 11219.48102684515 11113.13283497247 11009.75260815541 10909.2048161261 10811.3624377735 10716.10628635854 10623.32439899987 10532.91148331886 10444.76841502512 10358.80178099162 10274.92346303053 10193.05025815355 10113.10353159639 10035.00889931796 9958.695937060435 9884.097913383346 9811.151544371502 9739.796767967489 9669.976536099754 9601.636622971258 9534.72544804457 9469.193912410243 9404.995247358876 9342.084874095564 9280.420273640617 9219.960866053796 9160.667898202553 9102.50433936907 9045.434784057083 8989.425361419009 8934.44365077687 8880.45860275841 8827.440465612508 8775.36071630669 8724.191996044201 8673.908049869484 8624.483670059211 8575.8946430216 8528.117699449918 8481.130467497098 8434.911428757416 8389.439876858496 8344.695878482678 8300.660236651051 8257.314456116561 8214.640710724521 8172.62181260963 8131.241183108683 8090.482825277109 8050.331297905908 8010.771690943112 7971.789602230904 7933.371115476012 7895.502779376786 7858.171587835911 7821.364961192632 7785.070728412971 7749.277110180698 7713.972702835707 7679.146463110036 7644.787693615164 7610.886029037261 7577.431422999917 7544.414135556583 7511.824721277313 7479.654017896763 7447.893135492423 7416.533446164082 7385.566574187333 7354.984386615553 7324.778984306461 7294.942693350746 7265.468056881652 7236.347827245667 7207.574958515666 7179.142599328913 7151.044086033427 7123.272936127124 7095.822841975079 7068.687664791066 7041.861428870354 7015.338316061449 6989.112660465171 6963.178943350083 6937.531788273958 6912.165956401433 6887.07634200863 6862.257968165978 6837.705982590937 6813.415653662795 6789.382366592079 6765.601619737577 6742.069021064257 6718.780284735794 6695.731227835658 6672.917767211118 6650.335916434713 6627.981782878079 6605.851564893249 6583.941549096793 6562.248107752396 6540.767696247669 6519.496850661233 6498.432185416272 6477.570391016943 6456.908231864212 6436.442544147843 6416.170233811422 6396.088274587439 6376.193706099609 6356.483632029712 6336.955218346388 6317.60569159342 6298.432337235164 6279.432498056884 6260.603572617848 6241.943013755139 6223.448327136238 6205.117069858498 6186.946849093746 6168.935320776256 6151.080188332536 6133.379201451295 6115.830154892132 6098.430887331512 6081.179280244643 6064.073256821959 6047.110780918941 6030.289856038056 6013.608524341711 5997.064865695032 5980.656996737488 5964.383069982278 5948.24127294255 5932.229827283479 5916.346987999308 5900.591042614537 5884.960310408338 5869.453141661489 5854.067916925 5838.803046309728 5823.656968796261 5808.628151564389 5793.715089341512 5778.916303769362 5764.230342788426 5749.655780039475 5735.191214281682 5720.835268826741 5706.586590988494 5692.443851547569 5678.405744230529 5664.470985203099 5650.638312576983 5636.906485929883 5623.274285838276 5609.740513422573 5596.303989904241 5582.963556174558 5569.718072374619 5556.566417486233 5543.507488933426 5530.540202194169 5517.663490422071 5504.876304077707 5492.177610569294 5479.566393902465 5467.041654338819 5454.602408063049 5442.247686858333 5429.976537789798 5417.788022895796 5405.68121888675 5393.655216851406 5381.709121970202 5369.842053235619 5358.053143179272 5346.341537605559 5334.706395331705 5323.146887933975 5311.662199499935 5300.251526386558 5288.914076984007 5277.649071484986 5266.455741659431 5255.333330634468 5244.281092679456 5233.298292995959 5222.384207512561 5211.538122684365 5200.759335297038 5190.047152275314 5179.40089049581 5168.819876604048 5158.303446835569 5147.850946841046 5137.461731515265 5127.135164829897 5116.87061966995 5106.667477673812 5096.525129076776 5086.442972557987 5076.420415090692 5066.456871795735 5056.551765798193 5046.70452808709 5036.914597378098 5027.181419979164 5017.504449658978 5007.883147518209 4998.316981863462 4988.805428083864 4979.347968530217 4969.944092396677 4960.593295604866 4951.295080690391 4942.048956691673 4932.854439041073 4923.711049458222 4914.618315845517 4905.575772185751 4896.582958441786 4887.639420458251 4878.744709865209 4869.898383983745 4861.100005733421 4852.349143541583 4843.645371254433 4834.988268049877 4826.37741835205 4817.812411747535 4809.292842903201 4800.818311485629 4792.388422082106 4784.002784123129 4775.661011806403 4767.362724022285 4759.107544280651 4750.895100639162 4742.725025632861 4734.596956205121 4726.510533639889 4718.465403495177 4710.461215537822 4702.497623679438 4694.574285913569 4686.690864253992 4678.847024674166 4671.042437047782 4663.276775090411 4655.549716302206 4647.860941911645 4640.210136820308 4632.596989548631 4625.021192182639 4617.48244032165 4609.980433026898 4602.514872771072 4595.085465388761 4587.691920027767 4580.333949101277 4573.011268240884 4565.723596250426 4558.470655060625 4551.252169684535 4544.06786817374 4536.917481575333 4529.800743889615 4522.717392028541 4515.667165774874 4508.649807742017 4501.665063334568 4494.712680709505 4487.792410738058 4480.90400696821 4474.047225587831 4467.221825388435 4460.42756772954 4453.664216503621 4446.931538101649 4440.229301379205 4433.557277623142 4426.915240518806 4420.3029661178 4413.720232806254 4407.166821273648 4400.642514482109 4394.147097636225 4387.680358153345 4381.242085634356 4374.832071834931 4368.450110637236 4362.095998022101 4355.769532041611 4349.470512792162 4343.198742387927 4336.954024934742 4330.736166504408 4324.544975109399 4318.380260677963 4312.241835029606 4306.12951185098 4300.043106672116 4293.98243684305 4287.9473215108 4281.937581596695 4275.953039774061 4269.993520446242 4264.058849724959 4258.148855409005 4252.263366963251 4246.402215497984 4240.565233748549 4234.752256055299 4228.963118343849 4223.197658105626 4217.455714378708 4211.737127728947 4206.04174023138 4200.369395451907 4194.719938429248 4189.09321565716 4183.489075066916 4177.907366010049 4172.347939241339 4166.810646902053 4161.295342503426 