1/108; here
ans =

   11    9    9    9    9    9    9    9    9    9

2/108; here
ans =

   12    9    9    9    9    9    9    9    9    9

3/108; here
ans =

   13    9    9    9    9    9    9    9    9    9

4/108; here
ans =

   14    9    9    9    9    9    9    9    9    9

5/108; here
ans =

   15    9    9    9    9    9    9    9    9    9

6/108; here
ans =

   16    9    9    9    9    9    9    9    9    9

7/108; here
ans =

   17    9    9    9    9    9    9    9    9    9

8/108; here
ans =

   18    9    9    9    9    9    9    9    9    9

9/108; here
ans =

   19    9    8    8    9    8    8    8    8    9

10/108; here
ans =

   20    8    8    8    8    8    8    8    8    8

11/108; here
ans =

   21    8    8    8    8    8    8    8    8    8

12/108; here
ans =

   22    8    8    8    8    8    8    8    8    8

13/108; here
ans =

   23    8    8    8    8    8    8    8    8    8

14/108; here
ans =

   24    8    8    8    8    8    8    8    8    8

15/108; here
ans =

   25    8    8    8    8    8    8    8    8    8

16/108; here
ans =

   26    8    8    8    8    8    8    8    8    8

17/108; here
ans =

   27    8    8    8    8    8    8    8    8    8

18/108; here
ans =

   28    8    7    8    8    7    7    7    7    8

19/108; here
ans =

   29    7    7    7    7    7    7    7    7    7

20/108; here
ans =

   30    7    7    7    7    7    7    7    7    7

21/108; here
ans =

   31    7    7    7    7    7    7    7    7    7

22/108; here
ans =

   32    7    7    7    7    7    7    7    7    7

23/108; here
ans =

   33    7    7    7    7    7    7    7    7    7

24/108; here
ans =

   34    7    7    7    7    7    7    7    7    7

25/108; here
ans =

   35    7    7    7    7    7    7    7    7    7

26/108; here
ans =

   36    7    7    7    7    7    7    7    7    7

27/108; here
ans =

   37    7    6    7    7    6    6    6    6    7

28/108; here
ans =

   38    6    6    6    6    6    6    6    6    6

29/108; here
ans =

   39    6    6    6    6    6    6    6    6    6

30/108; here
ans =

   40    6    6    6    6    6    6    6    6    6

31/108; here
ans =

   41    6    6    6    6    6    6    6    6    6

32/108; here
ans =

   42    6    6    6    6    6    6    6    6    6

33/108; here
ans =

   43    6    6    6    6    6    6    6    6    6

34/108; here
ans =

   44    6    6    6    6    6    6    6    6    6

35/108; here
ans =

   45    6    6    6    6    6    6    6    6    6

36/108; here
ans =

   46    6    6    6    5    6    5    6    5    6

37/108; here
ans =

   47    5    5    5    5    5    5    5    5    5

38/108; here
ans =

   48    5    5    5    5    5    5    5    5    5

39/108; here
ans =

   49    5    5    5    5    5    5    5    5    5

40/108; here
ans =

   50    5    5    5    5    5    5    5    5    5

41/108; here
ans =

   51    5    5    5    5    5    5    5    5    5

42/108; here
ans =

   52    5    5    5    5    5    5    5    5    5

43/108; here
ans =

   53    5    5    5    5    5    5    5    5    5

44/108; here
ans =

   54    5    5    4    5    5    5    5    5    5

45/108; here
ans =

   55    5    5    4    4    5    4    5    5    5

46/108; here
ans =

   56    4    4    4    4    4    4    4    4    4

47/108; here
ans =

   57    4    4    4    4    4    4    4    4    4

48/108; here
ans =

   58    4    4    4    4    4    4    4    4    4

49/108; here
ans =

   59    4    4    4    4    4    4    4    4    4

50/108; here
ans =

   60    4    4    5    5    4    4    4    4    4

51/108; here
ans =

   60    4    4    4    4    4    4    4    4    4

52/108; here
ans =

   61    4    3    4    4    4    4    4    4    4

53/108; here
ans =

   61    3    4    4    4    3    5    5    3    3

54/108; here
ans =

   62    4    4    3    3    4    4    4    4    4

55/108; here
ans =

   63    4    3    3    3    4    4    4    4    4

56/108; here
ans =

   64    3    3    3    3    3    4    3    5    4

57/108; here
ans =

   64    4    3    3    4    3    4    3    4    4

58/108; here
ans =

   64    4    2    4    3    3    4    4    4    4

59/108; here
ans =

   64    4    3    3    3    4    4    4    4    4

60/108; here
ans =

   64    4    3    3    4    4    3    3    3    4

61/108; here
ans =

   65    3    3    3    4    3    3    3    3    4

62/108; here
ans =

   64    3    4    3    4    2    4    4    3    3

63/108; here
ans =

   64    3    4    3    4    3    4    4    3    4

64/108; here
ans =

   64    3    3    4    3    3    4    4    3    4

65/108; here
ans =

   64    4    4    3    3    3    3    4    4    3

66/108; here
ans =

   63    4    4    3    4    3    3    4    4    4

67/108; here
ans =

   63    4    3    3    4    4    3    4    4    4

68/108; here
ans =

   63    3    4    2    4    4    4    3    4    4

69/108; here
ans =

   63    3    4    3    4    4    4    3    4    3

70/108; here
ans =

   64    3    4    3    5    3    4    3    3    4

71/108; here
ans =

   64    4    3    4    4    3    3    4    3    4

72/108; here
ans =

   64    4    3    4    4    3    3    3    4    3

73/108; here
ans =

   65    3    3    3    4    3    3    3    4    3

74/108; here
ans =

   65    3    3    3    4    4    3    3    4    3

75/108; here
ans =

   65    3    4    3    3    4    3    3    3    3

76/108; here
ans =

   64    3    4    3    3    4    4    3    3    3

77/108; here
ans =

   63    3    4    3    3    4    4    4    4    3

78/108; here
ans =

   63    3    4    3    3    4    3    4    4    4

79/108; here
ans =

   63    3    4    4    3    4    3    4    3    4

80/108; here
ans =

   63    4    4    4    3    4    3    3    3    4

81/108; here
ans =

   62    4    4    4    3    4    3    4    4    4

82/108; here
ans =

   62    3    4    4    4    4    4    4    4    3

83/108; here
ans =

   63    3    4    4    4    4    3    4    4    3

84/108; here
ans =

   63    4    3    3    3    4    3    4    3    4

85/108; here
ans =

   62    4    3    3    3    3    4    4    3    4

86/108; here
ans =

   63    3    4    4    4    4    4    4    4    3

87/108; here
ans =

   64    3    4    3    3    3    3    3    4    4

88/108; here
ans =

   63    3    4    3    3    3    4    3    4    4

89/108; here
ans =

   63    4    3    3    3    3    4    4    4    3

90/108; here
ans =

   63    4    3    4    3    4    3    4    3    4

91/108; here
ans =

   62    4    3    4    3    4    4    5    3    3

92/108; here
ans =

   62    3    3    4    3    4    4    4    3    4

93/108; here
ans =

   63    4    3    4    4    4    4    3    3    4

94/108; here
ans =

   64    4    3    4    3    4    4    3    3    4

95/108; here
ans =

   63    4    4    4    3    4    4    3    3    4

96/108; here
ans =

   62    4    4    4    3    3    4    3    4    4

97/108; here
ans =

   63    4    4    4    3    3    3    3    4    4

98/108; here
ans =

   63    4    3    4    4    4    3    3    4    3

99/108; here
ans =

   63    4    3    4    4    4    3    4    3    3

100/108; here
ans =

   63    3    3    4    4    4    4    4    3    3

101/108; here
ans =

   63    3    3    3    4    4    4    4    3    3

102/108; here
ans =

   63    3    3    3    5    4    4    4    4    3

103/108; here
ans =

   63    4    3    4    4    4    3    4    4    3

104/108; here
ans =

   63    4    3    4    3    4    4    4    4    3

105/108; here
ans =

   64    4    3    4    3    3    3    4    3    3

106/108; here
ans =

   64    4    3    3    3    3    3    4    4    4

107/108; here
ans =

   63    4    4    4    3    3    3    4    4    4

108/108; here
