1/108; here
ans =

  -1   1  -1   1   1   1  -1  -1   1  -1

here
ans =

   11    9   11    9    9    9   11   11    9   11

2/108; here
ans =

  -1  -1   1  -1   1  -1   1   1  -1   1

here
ans =

   12   10   10   10    8   10   10   10   10   10

3/108; here
ans =

  -1  -1   1   1   1  -1   1   1  -1  -1

here
ans =

   13   11    9    9    7   11    9    9   11   11

4/108; 
