1/108; warning: product: automatic broadcasting operation applied
mi =

   0.455019   0.448479
   0.028437   0.028027
   0.028032   0.028441
   0.028027   0.028435
   0.028442   0.028033
   0.028030   0.028436
   0.028030   0.028439
   0.028438   0.028029
   0.028439   0.028030
   0.028028   0.028437

mu =

   0.0186854   0.0189580
   0.0011678   0.0011848
   0.0011679   0.0011849
   0.0011678   0.0011848
   0.0011679   0.0011850
   0.0011679   0.0011847
   0.0011678   0.0011849
   0.0011677   0.0011849
   0.0011678   0.0011850

L =

   0.473705   0.467436
   0.029605   0.029212
   0.029200   0.029626
   0.029195   0.029620
   0.029610   0.029218
   0.029198   0.029621
   0.029198   0.029624
   0.029605   0.029214
   0.029607   0.029215

error: here
error: called from:
error:   /home/andrea/software/araldo-phd-code/femtoCDN/dspsa.m at line 138, column 5
