1/108; here
ans =

 Columns 1 through 8:

  -1.00000   0.11022   0.11152   0.11170   0.11140   0.11133   0.11090   0.11105

 Columns 9 and 10:

   0.11076   0.11111

here
ans =

 Columns 1 through 8:

   10.5000    9.3898    9.3885    9.3883    9.3886    9.3887    9.3891    9.3889

 Columns 9 and 10:

    9.3892    9.3889

2/108; here
ans =

 Columns 1 through 8:

  -1.00000   0.11042   0.11150   0.11111   0.11087   0.11046   0.11160   0.11115

 Columns 9 and 10:

   0.11126   0.11163

here
ans =

 Columns 1 through 8:

   11.5000    9.2794    9.2770    9.2772    9.2777    9.2782    9.2775    9.2778

 Columns 9 and 10:

    9.2780    9.2773

3/108; here
ans =

 Columns 1 through 8:

  -1.00000   0.11105   0.11183   0.11089   0.11105   0.11039   0.11220   0.11154

 Columns 9 and 10:

   0.11070   0.11036

here
ans =

 Columns 1 through 8:

   12.5000    9.1683    9.1652    9.1663    9.1667    9.1678    9.1653    9.1663

 Columns 9 and 10:

    9.1673    9.1669

4/108; 
