1/108; warning: product: automatic broadcasting operation applied
ans =

 Columns 1 through 7:

  -0.657721  -0.040656  -0.044801  -0.040749  -0.041612  -0.044499  -0.040894

 Columns 8 through 10:

  -0.044083  -0.044986   1.000000

2/108; warning: product: automatic broadcasting operation applied
ans =

 Columns 1 through 7:

  -0.633240  -0.048671  -0.048072  -0.047806  -0.043400  -0.043389  -0.043558

 Columns 8 through 10:

  -0.047988  -0.043877   1.000000

3/108; warning: product: automatic broadcasting operation applied
ans =

 Columns 1 through 7:

  -0.660931  -0.041047  -0.040746  -0.045227  -0.045077  -0.040126  -0.045319

 Columns 8 through 10:

  -0.040817  -0.040711   1.000000

4/108; warning: product: automatic broadcasting operation applied
ans =

 Columns 1 through 7:

  -0.644321  -0.047934  -0.042468  -0.047803  -0.042566  -0.042656  -0.042032

 Columns 8 through 10:

  -0.042125  -0.048095   1.000000

5/108; warning: product: automatic broadcasting operation applied
ans =

 Columns 1 through 7:

  -0.584529  -0.048362  -0.055599  -0.047895  -0.055916  -0.055270  -0.055219

 Columns 8 through 10:

  -0.048003  -0.049208   1.000000

6/108; warning: product: automatic broadcasting operation applied
ans =

 Columns 1 through 7:

  -0.635296  -0.050540  -0.043085  -0.042757  -0.050096  -0.050919  -0.042197

 Columns 8 through 10:

  -0.042931  -0.042179   1.000000

7/108; warning: product: automatic broadcasting operation applied
ans =

 Columns 1 through 7:

  -0.548444  -0.062346  -0.050600  -0.050047  -0.051077  -0.063108  -0.062118

 Columns 8 through 10:

  -0.049912  -0.062349   1.000000

8/108; warning: product: automatic broadcasting operation applied
ans =

 Columns 1 through 7:

  -0.534372  -0.065750  -0.050378  -0.066175  -0.065705  -0.067108  -0.049832

 Columns 8 through 10:

  -0.049962  -0.050717   1.000000

9/108; warning: product: automatic broadcasting operation applied
ans =

 Columns 1 through 7:

  -0.478250  -0.051429  -0.079088  -0.078874  -0.051586  -0.051032  -0.079021

 Columns 8 through 10:

  -0.051926  -0.078793   1.000000

10/108; warning: product: automatic broadcasting operation applied
ans =

 Columns 1 through 7:

  -0.331278  -0.048430  -0.117644  -0.118270  -0.118414  -0.048879  -0.050220

 Columns 8 through 10:

  -0.049204  -0.117660   1.000000

11/108; warning: product: automatic broadcasting operation applied
ans =

 Columns 1 through 7:

  -0.576179  -0.052381  -0.052916  -0.052082  -0.052797  -0.052135  -0.052106

 Columns 8 through 10:

  -0.057872  -0.051532   1.000000

12/108; warning: product: automatic broadcasting operation applied
ans =

 Columns 1 through 7:

  -0.577582  -0.051795  -0.052777  -0.053184  -0.052808  -0.052710  -0.053385

 Columns 8 through 10:

  -0.052709  -0.053050   1.000000

13/108; warning: product: automatic broadcasting operation applied
ans =

 Columns 1 through 7:

  -0.564789  -0.054330  -0.054627  -0.055019  -0.054755  -0.053627  -0.054101

 Columns 8 through 10:

  -0.054917  -0.053835   1.000000

14/108; warning: product: automatic broadcasting operation applied
ans =

 Columns 1 through 7:

  -0.562908  -0.054203  -0.055106  -0.054781  -0.053717  -0.054817  -0.054850

 Columns 8 through 10:

  -0.055035  -0.054582   1.000000

15/108; warning: product: automatic broadcasting operation applied
ans =

 Columns 1 through 7:

  -0.550829  -0.056445  -0.056552  -0.056098  -0.055908  -0.056022  -0.055697

 Columns 8 through 10:

  -0.056055  -0.056394   1.000000

16/108; warning: product: automatic broadcasting operation applied
ans =

 Columns 1 through 7:

  -0.537566  -0.057335  -0.058387  -0.058387  -0.057235  -0.057918  -0.057474

 Columns 8 through 10:

  -0.058054  -0.057644   1.000000

17/108; warning: product: automatic broadcasting operation applied
ans =

 Columns 1 through 7:

  -0.536745  -0.057994  -0.057259  -0.058095  -0.057873  -0.057624  -0.058386

 Columns 8 through 10:

  -0.057200  -0.058825   1.000000

18/108; warning: product: automatic broadcasting operation applied
ans =

 Columns 1 through 7:

  -0.523550  -0.060004  -0.058819  -0.058816  -0.059661  -0.059099  -0.060148

 Columns 8 through 10:

  -0.059891  -0.060012   1.000000

19/108; warning: product: automatic broadcasting operation applied
ans =

 Columns 1 through 7:

  -0.524528  -0.058898  -0.059468  -0.059101  -0.059007  -0.060446  -0.059258

 Columns 8 through 10:

  -0.059596  -0.059697   1.000000

20/108; warning: product: automatic broadcasting operation applied
ans =

 Columns 1 through 7:

  -0.509974  -0.061554  -0.060981  -0.061407  -0.061376  -0.061369  -0.060639

 Columns 8 through 10:

  -0.061651  -0.061049   1.000000

21/108; warning: product: automatic broadcasting operation applied
ans =

 Columns 1 through 7:

  -0.510482  -0.060631  -0.060340  -0.062171  -0.061048  -0.060596  -0.061278

 Columns 8 through 10:

  -0.061578  -0.061878   1.000000

22/108; warning: product: automatic broadcasting operation applied
ans =

 Columns 1 through 7:

  -0.502095  -0.061687  -0.062310  -0.062714  -0.061922  -0.062308  -0.062925

 Columns 8 through 10:

  -0.062151  -0.061888   1.000000

23/108; warning: product: automatic broadcasting operation applied
ans =

 Columns 1 through 7:

  -0.499971  -0.062406  -0.062492  -0.062869  -0.062348  -0.062204  -0.061863

 Columns 8 through 10:

  -0.062902  -0.062947   1.000000

24/108; warning: product: automatic broadcasting operation applied
ans =

 Columns 1 through 7:

  -0.491773  -0.062708  -0.063971  -0.063750  -0.064088  -0.063921  -0.063576

 Columns 8 through 10:

  -0.063168  -0.063046   1.000000

25/108; warning: product: automatic broadcasting operation applied
ans =

 Columns 1 through 7:

  -0.489531  -0.063884  -0.064519  -0.063578  -0.063330  -0.063433  -0.063710

 Columns 8 through 10:

  -0.063925  -0.064089   1.000000

26/108; warning: product: automatic broadcasting operation applied
ans =

 Columns 1 through 7:

  -0.478157  -0.064926  -0.065620  -0.064545  -0.064951  -0.064980  -0.065787

 Columns 8 through 10:

  -0.065288  -0.065747   1.000000

27/108; warning: product: automatic broadcasting operation applied
ans =

 Columns 1 through 7:

  -0.486754  -0.067448  -0.061423  -0.061857  -0.062091  -0.066403  -0.066782

 Columns 8 through 10:

  -0.065838  -0.061403   1.000000

28/108; warning: product: automatic broadcasting operation applied
ans =

 Columns 1 through 7:

  -0.486054  -0.063664  -0.062952  -0.064051  -0.063279  -0.062093  -0.063328

 Columns 8 through 10:

  -0.069976  -0.064602   1.000000

29/108; warning: product: automatic broadcasting operation applied
ans =

 Columns 1 through 7:

  -0.491430  -0.064548  -0.063178  -0.063507  -0.062960  -0.063878  -0.063961

 Columns 8 through 10:

  -0.063071  -0.063468   1.000000

30/108; warning: product: automatic broadcasting operation applied
ans =

 Columns 1 through 7:

  -0.481031  -0.064689  -0.064376  -0.065075  -0.065702  -0.065360  -0.064271

 Columns 8 through 10:

  -0.064284  -0.065212   1.000000

31/108; warning: product: automatic broadcasting operation applied
ans =

 Columns 1 through 7:

  -0.480574  -0.065160  -0.064754  -0.065221  -0.065538  -0.065942  -0.065015

 Columns 8 through 10:

  -0.063927  -0.063868   1.000000

32/108; warning: product: automatic broadcasting operation applied
ans =

 Columns 1 through 7:

  -0.472221  -0.066088  -0.066460  -0.066638  -0.065260  -0.066363  -0.065207

 Columns 8 through 10:

  -0.065777  -0.065986   1.000000

33/108; warning: product: automatic broadcasting operation applied
ans =

 Columns 1 through 7:

  -0.470128  -0.066098  -0.067183  -0.066498  -0.066912  -0.065854  -0.066484

 Columns 8 through 10:

  -0.065518  -0.065325   1.000000

34/108; warning: product: automatic broadcasting operation applied
ans =

 Columns 1 through 7:

  -0.461312  -0.067053  -0.067031  -0.067873  -0.067617  -0.067256  -0.067763

