ans = epochs are
ans =  12
1/12; ans = Before it was
hist_num_of_misses = [](0x0)
ans = After it is
hist_num_of_misses =

   95948
   95782
   95511
   13669
    6819
    6817
    6736
    6924
    6842
    6931

hist_tot_requests =  600075
2/12; ans = Before it was
hist_num_of_misses =

   95948
   95782
   95511
   13669
    6819
    6817
    6736
    6924
    6842
    6931

ans = After it is
hist_num_of_misses =

    95948   168545
    95782   168096
    95511   168277
    13669        0
     6819        0
     6817        0
     6736        0
     6924        0
     6842        0
     6931        0

hist_tot_requests =

   600075   600176

3/12; ans = Before it was
hist_num_of_misses =

    95948   168545
    95782   168096
    95511   168277
    13669        0
     6819        0
     6817        0
     6736        0
     6924        0
     6842        0
     6931        0

ans = After it is
hist_num_of_misses =

    95948   168545   167713
    95782   168096   167988
    95511   168277   167415
    13669        0        0
     6819        0        0
     6817        0        0
     6736        0        0
     6924        0        0
     6842        0        0
     6931        0        0

hist_tot_requests =

   600075   600176   598952

4/12; ans = Before it was
hist_num_of_misses =

    95948   168545   167713
    95782   168096   167988
    95511   168277   167415
    13669        0        0
     6819        0        0
     6817        0        0
     6736        0        0
     6924        0        0
     6842        0        0
     6931        0        0

ans = After it is
hist_num_of_misses =

    95948   168545   167713   168057
    95782   168096   167988   167782
    95511   168277   167415   167484
    13669        0        0        0
     6819        0        0        0
     6817        0        0        0
     6736        0        0        0
     6924        0        0        0
     6842        0        0        0
     6931        0        0        0

hist_tot_requests =

   600075   600176   598952   599575

5/12; ans = Before it was
hist_num_of_misses =

    95948   168545   167713   168057
    95782   168096   167988   167782
    95511   168277   167415   167484
    13669        0        0        0
     6819        0        0        0
     6817        0        0        0
     6736        0        0        0
     6924        0        0        0
     6842        0        0        0
     6931        0        0        0

ans = After it is
hist_num_of_misses =

    95948   168545   167713   168057   167988
    95782   168096   167988   167782   168436
    95511   168277   167415   167484   168466
    13669        0        0        0        0
     6819        0        0        0        0
     6817        0        0        0        0
     6736        0        0        0        0
     6924        0        0        0        0
     6842        0        0        0        0
     6931        0        0        0        0

hist_tot_requests =

   600075   600176   598952   599575   600853

6/12; ans = Before it was
hist_num_of_misses =

    95948   168545   167713   168057   167988
    95782   168096   167988   167782   168436
    95511   168277   167415   167484   168466
    13669        0        0        0        0
     6819        0        0        0        0
     6817        0        0        0        0
     6736        0        0        0        0
     6924        0        0        0        0
     6842        0        0        0        0
     6931        0        0        0        0

ans = After it is
hist_num_of_misses =

    95948   168545   167713   168057   167988   167611
    95782   168096   167988   167782   168436   167852
    95511   168277   167415   167484   168466   168239
    13669        0        0        0        0        0
     6819        0        0        0        0        0
     6817        0        0        0        0        0
     6736        0        0        0        0        0
     6924        0        0        0        0        0
     6842        0        0        0        0        0
     6931        0        0        0        0        0

hist_tot_requests =

   600075   600176   598952   599575   600853   599870

7/12; ans = Before it was
hist_num_of_misses =

    95948   168545   167713   168057   167988   167611
    95782   168096   167988   167782   168436   167852
    95511   168277   167415   167484   168466   168239
    13669        0        0        0        0        0
     6819        0        0        0        0        0
     6817        0        0        0        0        0
     6736        0        0        0        0        0
     6924        0        0        0        0        0
     6842        0        0        0        0        0
     6931        0        0        0        0        0

ans = After it is
hist_num_of_misses =

    95948   168545   167713   168057   167988   167611   167568
    95782   168096   167988   167782   168436   167852   167882
    95511   168277   167415   167484   168466   168239   168500
    13669        0        0        0        0        0        0
     6819        0        0        0        0        0        0
     6817        0        0        0        0        0        0
     6736        0        0        0        0        0        0
     6924        0        0        0        0        0        0
     6842        0        0        0        0        0        0
     6931        0        0        0        0        0        0

hist_tot_requests =

   600075   600176   598952   599575   600853   599870   600360

8/12; ans = Before it was
hist_num_of_misses =

    95948   168545   167713   168057   167988   167611   167568
    95782   168096   167988   167782   168436   167852   167882
    95511   168277   167415   167484   168466   168239   168500
    13669        0        0        0        0        0        0
     6819        0        0        0        0        0        0
     6817        0        0        0        0        0        0
     6736        0        0        0        0        0        0
     6924        0        0        0        0        0        0
     6842        0        0        0        0        0        0
     6931        0        0        0        0        0        0

ans = After it is
hist_num_of_misses =

    95948   168545   167713   168057   167988   167611   167568   168275
    95782   168096   167988   167782   168436   167852   167882   167654
    95511   168277   167415   167484   168466   168239   168500   168819
    13669        0        0        0        0        0        0        0
     6819        0        0        0        0        0        0        0
     6817        0        0        0        0        0        0        0
     6736        0        0        0        0        0        0        0
     6924        0        0        0        0        0        0        0
     6842        0        0        0        0        0        0        0
     6931        0        0        0        0        0        0        0

hist_tot_requests =

   600075   600176   598952   599575   600853   599870   600360   601338

9/12; ans = Before it was
hist_num_of_misses =

    95948   168545   167713   168057   167988   167611   167568   168275
    95782   168096   167988   167782   168436   167852   167882   167654
    95511   168277   167415   167484   168466   168239   168500   168819
    13669        0        0        0        0        0        0        0
     6819        0        0        0        0        0        0        0
     6817        0        0        0        0        0        0        0
     6736        0        0        0        0        0        0        0
     6924        0        0        0        0        0        0        0
     6842        0        0        0        0        0        0        0
     6931        0        0        0        0        0        0        0

ans = After it is
hist_num_of_misses =

