# Created by Octave 3.8.1, Fri Jan 15 17:27:49 2016 CET <andrea@andrea-kth>
# name: COEFF_10
# type: global scalar
2


# name: COEFF_100
# type: global scalar
3


# name: COEFF_NO
# type: global scalar
0


# name: COEFF_SIMPLE
# type: global scalar
1


# name: K
# type: scalar
10


# name: Ks
# type: scalar
10


# name: N
# type: scalar
2


# name: NORM_MAX
# type: global scalar
1


# name: NORM_NO
# type: global scalar
0


# name: NORM_NORM
# type: global scalar
2


# name: R
# type: matrix
# rows: 2
# columns: 1
 80000000
 20000000


# name: R_perm
# type: scalar
1


# name: R_perms
# type: matrix
# rows: 2
# columns: 1
 80000000
 20000000


# name: R_perms_to_consider
# type: scalar
1


# name: T
# type: scalar
10


# name: Ts
# type: scalar
10


# name: active_coefficientss
# type: cell
# rows: 1
# columns: 1
# name: <cell-element>
# type: string
# elements: 1
# length: 2
no





# name: active_processes
# type: scalar
0


# name: additional_requests
# type: scalar
0


# name: alpha0
# type: scalar
1


# name: alpha0s
# type: scalar
1


# name: alpha_eps
# type: scalar
0


# name: alpha_epss
# type: scalar
0


# name: ans
# type: scalar
2


# name: argn
# type: sq_string
# elements: 3
# length: 192
[]                                                                                                                                                                                              
# length: 192
[]                                                                                                                                                                                              
# length: 192
'data/rawdata/prova/p_2-ctlg_1e+03-ctlg_eps_0-ctlg_perm_1-alpha0_1-alpha_eps_0-lambda_1e+07-req_prop_0.8_0.2-R_perm_1-T_1e+01-K_1e+01-optimum-norm_norm-coeff_no-boost_1-tot_time_0.2-seed_1.in'


# name: avg_ctlg
# type: scalar
500


# name: avg_overall_req
# type: scalar
100000000


# name: avg_req_per_epoch
# type: scalar
100000000


# name: boosts
# type: scalar
1


# name: border
# type: matrix
# rows: 2
# columns: 1
 9
 3


# name: border_lambdatau
# type: matrix
# rows: 2
# columns: 1
 1308570.579009043
 981427.9342567823


# name: c
# type: matrix
# rows: 2
# columns: 1
 8
 2


# name: c_unif
# type: matrix
# rows: 2
# columns: 1
 5
 5


# name: coefficients
# type: string
# elements: 1
# length: 2
no


# name: coefficientss
# type: cell
# rows: 1
# columns: 1
# name: <cell-element>
# type: string
# elements: 1
# length: 2
no





# name: ctlg
# type: matrix
# rows: 2
# columns: 1
 500
 500


# name: ctlg_eps
# type: scalar
0


# name: ctlg_epss
# type: scalar
0


# name: ctlg_perm
# type: scalar
1


# name: ctlg_perms
# type: matrix
# rows: 2
# columns: 2
 500 500
 500 500


# name: ctlg_perms_to_consider
# type: scalar
1


# name: function_name
# type: string
# elements: 1
# length: 7
optimum


# name: hit_ratio_improvement
# type: scalar
0.02811090011692641


# name: i
# type: scalar
10


# name: idx
# type: scalar
2


# name: idx_coefficient
# type: scalar
1


# name: idx_normalize
# type: scalar
1


# name: in
# type: scalar struct
# ndims: 2
 1 1
# length: 14
# name: ctlg_eps
# type: scalar
0


# name: overall_ctlg
# type: scalar
1000


# name: p
# type: scalar
2


# name: alpha0
# type: scalar
1


# name: alpha_eps
# type: scalar
0


# name: req_eps
# type: scalar
-1


# name: alpha
# type: matrix
# rows: 2
# columns: 1
 1
 1


# name: ctlg_perm
# type: scalar
1


# name: catalog
# type: matrix
# rows: 2
# columns: 1
 500
 500


# name: R_perm
# type: scalar
1


# name: R
# type: matrix
# rows: 2
# columns: 1
 80000000
 20000000


# name: K
# type: scalar
10


# name: req_str_inner
# type: sq_string
# elements: 1
# length: 7
0.8_0.2


# name: lambdatau
# type: matrix
# rows: 2
# columns: 500
 11777135.21108139 5888567.605540695 3925711.737027129 2944283.802770347 2355427.042216278 1962855.868513565 1682447.887297341 1472141.901385174 1308570.579009043 1177713.521108139 1070648.655552854 981427.9342567823 905933.4777754914 841223.9436486706 785142.3474054259 736070.9506925868 692772.6594753758 654285.2895045215 619849.2216358625 588856.7605540694 560815.962432447 535324.3277764268 512049.3570035386 490713.9671283911 471085.4084432555 452966.7388877457 436190.1930030143 420611.9718243353 406108.1107269445 392571.1737027129 379907.5874542383 368035.4753462934 356882.8851842845 346386.3297376879 336489.5774594683 327142.6447522608 318300.9516508484 309924.6108179312 301977.8259251638 294428.3802770347 287247.2002702778 280407.9812162235 273886.8653739858 267662.1638882134 261714.1158018086 256024.6785017693 250577.3449166253 245356.9835641956 240349.6981853344 235542.7042216278 230924.2198251252 226483.3694438729 222210.0983222903 218095.0965015072 214129.7311105707 210305.9859121676 206616.4072119542 203054.0553634722 199612.4612047693 196285.5868513565 193067.7903455965 189953.7937271192 186938.654144149 184017.7376731467 181186.6955550983 178441.4425921423 175778.1374788267 173193.1648688439 170683.1190011796 168244.7887297341 165875.1438180477 163571.3223761304 161330.619329882 159150.4758254242 157028.4694810852 154962.3054089656 152949.8079361219 150988.9129625819 149077.6608997644 147214.1901385174 145396.7310010048 143623.6001351389 141893.1953142336 140203.9906081118 138554.5318950752 136943.4326869929 135369.3702423148 133831.0819441067 132327.3619222628 130857.0579009043 129419.0682536416 128012.3392508846 126635.8624847461 125288.6724583126 123969.8443271725 122678.4917820978 121413.7650626947 120174.8490926672 118960.9617280948 117771.3521108139 116605.2991196177 115462.1099125626 114341.1185541882 113241.6847219364 112163.1924864894 111105.0491611452 110066.6842157139 109047.5482507536 108047.1120282696 107064.8655552853 106100.3172169494 105152.9929560838 104222.4354962955 103308.2036059771 102409.8714007077 101527.0276817361 100659.2753083879 99806.23060238465 98967.52278219654 98142.79342567823 97331.69595935033 96533.89517279826 95749.06675675926 94976.89686355958 94217.0816886511 93469.32707207451 92733.34811875108 92008.86883657335 91295.62179132858 90593.34777754915 89901.79550443808 89220.72129607113 88549.88880512322 87889.06873941333 87238.03860060287 86596.58243442197 85964.49059183494 85341.55950058978 84727.59144662871 84122.39436486707 83525.78163887509 82937.57190902387 82357.58888868103 81785.66118806519 81221.62214538889 80665.309664941 80116.56606177815 79575.23791271209 79041.17591329791 78514.2347405426 77994.2729210688 77481.15270448281 76974.73994170842 76474.90396806097 75981.51749084766 75494.45648129095 75013.60007058209 74538.8304498822 74070.03277409678 73607.09506925868 73149.90814336266 72698.36550050239 72252.36325816803 71811.80006756945 71376.57703685691 70946.5976571168 70521.76773102628 70101.99530405588 69687.19059811471 69277.26594753758 68872.13573731805 68471.71634349645 68075.92607561496 67684.6851211574 67297.91549189364 66915.54097205335 66537.48706825644 66163.68096113139 65794.05145855524 65428.52895045216 65067.04536509053 64709.53412682082 64355.93011519884 64006.16962544232 63660.19033016967 63317.93124237306 62979.33267957961 62644.33622915632 62312.88471471633 61984.92216358626 61660.39377529523 61339.24589104889 61021.42596415227 60706.88253134736 60395.56518503276 60087.4245463336 59782.41223899181 59480.48086404742 59181.58397528336 58885.67605540694 58592.71249294223 58302.64955980886 58015.44438956349 57731.05495628131 57449.44005405556 57170.55927709411 56894.37300039318 56620.84236096821 56349.92923962387 56081.59624324471 55815.80668758952 55552.52458057258 55291.71460601591 55033.34210785694 54777.37307479715 54523.77412537679 54272.51249346261 54023.55601413481 53776.87310996067 53532.43277764267 53290.20457502891 53050.15860847472 52812.26552054434 52576.49647804191 52342.82316036172 52111.21774814773 51881.65291225282 51654.10180298855 51428.53803965671 51204.93570035386 50983.26931204064 50763.51384086806 50545.64468275274 50329.63765419397 50115.46898332506 