1/36; ghat =

  -0.032818
  -0.032818
   0.032818
   0.032818

test_theta =

   2   3
   2   3
   3   2
   3   2

num_of_misses =

   26398658   24479874
    3769269    3498858
    3501545    3772258
    3498322    3772093

tot_requests =

   50006122   50001039

ans =  0.065636
vec_y =

   0.527909   0.489587
   0.075376   0.069976
   0.070022   0.075444
   0.069958   0.075440

error: ciao
error: called from:
error:   /home/andrea/software/araldo-phd-code/femtoCDN/dspsa.m at line 110, column 3
