1/36; Delta =

   1
   1
  -1
  -1

vec_y =

   0.75409   0.69945
   0.75410   0.69956
   0.69926   0.75412
   0.69954   0.75389

2/36; Delta =

   1
   1
  -1
  -1

vec_y =

   0.75410   0.69948
   0.75420   0.69958
   0.65852   0.69924
   0.75420   0.83631

3/36; Delta =

   1
  -1
   1
  -1

vec_y =

   0.75407   0.69945
   0.69939   0.75413
   0.75448   0.69949
   0.69947   0.75400

4/36; theta =

   2.2202
   2.2586
   3.4113
   2.0699

pi_ =

   2.5000
   2.5000
   3.5000
   2.5000

test_theta =

   3   2
   3   2
   3   4
   2   3

error: test_theta is uncorrect
error: called from:
error:   /home/andrea/software/araldo-phd-code/femtoCDN/dspsa.m at line 66, column 6
